22 0 193.0344827586207
22 20 141.5
22 3 168.84782608695653
22 1 133.26
22 2 68.48618784530387
22 10 153.5421686746988
22 4 133.4255319148936
22 6 104.5
22 8 144.0943396226415
0 22 238.54166666666666
0 20 146.679012345679
0 9 141.65189873417722
0 14 69.65057471264367
0 3 121.91806020066889
0 18 101.63106796116504
0 1 144.55849889624724
0 2 206.21197007481297
0 23 112.28196721311475
0 10 132.82409177820267
0 17 262.03915662650604
0 4 290.27039627039625
0 12 113.14532871972318
0 19 157.2972972972973
0 7 126.23283261802575
0 15 127.78232758620689
0 5 87.39710610932475
0 16 113.3586387434555
0 6 248.57364341085272
0 24 249.26605504587155
0 21 276.77372262773724
0 8 309.46666666666664
0 11 333.61928934010155
0 13 99.24866310160428
20 22 176.83333333333334
20 0 120.668
20 9 224.67676767676767
20 14 151.03592814371257
20 3 156.42162162162163
20 1 64.24403183023873
20 2 136.43234323432344
20 23 167.0705882352941
20 10 56.84423676012461
20 17 174.31983805668017
20 4 199.46933333333334
20 12 155.91011235955057
20 19 160.9909090909091
20 7 215.04395604395606
20 15 212.68987341772151
20 5 139.90625
20 16 197.30232558139534
20 6 152.22421524663676
20 24 178.26495726495727
20 21 185.7941176470588
20 8 235.2
20 11 280.2169811320755
20 13 176.53636363636363
9 0 171.45192307692307
9 20 278.85858585858585
9 14 146.50755287009062
9 3 171.66899766899766
9 18 126.2127659574468
9 1 261.98706896551727
9 2 279.9823529411765
9 23 132.58823529411765
9 10 267.15625
9 17 355.95762711864404
9 4 383.6745762711864
9 12 218.6046511627907
9 19 196.18620689655174
9 7 77.68765957446809
9 15 85.46641791044776
9 5 198.68987341772151
9 16 89.16257668711657
9 6 347.04761904761904
9 24 327.1
9 21 373.7090909090909
9 8 395.4299065420561
9 11 382.13013698630135
9 13 102.07348242811501
14 0 70.60779816513761
14 20 182.67261904761904
14 9 123.71601208459215
14 3 128.27567567567567
14 18 105.02112676056338
14 1 168.84375
14 2 226.19130434782608
14 23 103.37179487179488
14 10 166.80357142857142
14 17 286.79473684210524
14 4 310.77486910994764
14 12 124.84462151394422
14 19 162.6969696969697
14 7 107.20214190093708
14 15 107.05622489959839
14 5 100.48672566371681
14 16 90.63598326359832
14 6 269.9642857142857
14 24 268.0
14 21 305.90291262135923
14 8 334.367816091954
14 11 351.0
14 13 81.60381861575179
3 22 185.0791366906475
3 0 111.85008517887564
3 20 161.66397849462365
3 9 132.1627906976744
3 14 110.73002754820936
3 18 76.24561403508773
3 1 143.13606911447084
3 2 156.8066561014263
3 23 76.96774193548387
3 10 159.63725490196077
3 17 229.6080586080586
3 4 257.7228260869565
3 12 181.3568281938326
3 19 87.6902356902357
3 7 124.58928571428571
3 15 127.79551820728291
3 5 154.61881188118812
3 16 111.07407407407408
3 6 220.33014354066987
3 24 210.83333333333334
3 21 251.5296803652968
3 8 270.7104377104377
3 11 280.7130681818182
3 13 106.01025641025642
18 0 110.05392156862744
18 9 104.7872340425532
18 14 105.50359712230215
18 3 89.01777777777778
18 1 183.19417475728156
18 2 204.58041958041957
18 23 57.4811320754717
18 10 188.58928571428572
18 17 279.61842105263156
18 4 306.0204081632653
18 12 183.2929292929293
18 19 137.03125
18 7 101.19724770642202
18 15 98.32142857142857
18 5 156.98936170212767
18 16 92.875
18 6 263.38709677419354
18 24 264.3333333333333
18 8 322.9
18 13 83.36585365853658
1 22 160.16326530612244
1 0 116.98678414096916
1 20 61.38157894736842
1 9 206.54782608695652
1 14 137.30841121495328
1 3 138.45591397849464
1 18 153.72549019607843
1 2 124.86252771618625
1 23 149.155
1 10 70.07794676806084
1 17 171.6877729257642
1 4 194.60569105691056
1 12 159.73607038123168
1 19 140.38655462184875
1 7 196.25885978428352
1 15 193.37451737451738
1 5 147.08355795148248
1 16 178.6986301369863
1 6 152.32899022801303
1 24 164.2537313432836
1 21 183.08333333333334
1 8 226.59722222222223
1 11 263.203007518797
1 13 160.24661246612467
2 22 58.7027027027027
2 0 165.38324873096445
2 20 121.2871287128713
2 9 219.58381502890174
2 14 186.08658008658008
2 3 142.16398713826368
2 18 165.45833333333334
2 1 114.34878587196468
2 23 165.03658536585365
2 10 136.06505576208178
2 17 112.2368932038835
2 4 145.47619047619048
2 12 226.19387755102042
2 19 113.66666666666667
2 7 215.2367816091954
2 15 216.52884615384616
2 5 205.5977859778598
2 16 203.03184713375796
2 6 111.809009009009
2 24 90.3321554770318
2 21 135.09567901234567
2 8 154.74564459930315
2 11 183.50588235294117
2 13 190.75
23 0 115.38360655737705
23 20 190.65882352941176
23 9 107.51204819277109
23 14 105.41452991452991
23 3 81.63782696177063
23 18 54.613207547169814
23 1 174.11557788944722
23 2 198.33739837398375
23 10 188.95192307692307
23 17 260.76666666666665
23 4 293.9025641025641
23 12 189.33333333333334
23 19 110.64935064935065
23 7 104.58230452674897
23 15 102.15243902439025
23 5 161.50653594771242
23 16 96.10382513661202
23 6 254.93396226415095
23 24 237.92372881355934
23 21 286.1607142857143
23 8 301.45544554455444
23 11 302.3076923076923
23 13 89.9002624671916
10 22 176.14634146341464
10 0 111.27745664739885
10 20 50.26959247648903
10 9 211.76288659793815
10 14 139.5672514619883
10 3 148.5976331360947
10 18 155.58928571428572
10 1 74.2840909090909
10 2 149.8096947935368
10 23 158.8009478672986
10 17 192.9923469387755
10 4 216.17554240631165
10 12 138.67403314917127
10 19 168.25628140703517
10 7 198.30816326530612
10 15 198.2322097378277
10 5 125.85714285714286
10 16 186.89247311827958
10 6 171.4360655737705
10 24 195.03846153846155
10 21 200.65277777777777
10 8 246.11016949152543
10 11 288.2692307692308
10 13 166.54353562005278
17 0 220.1642228739003
17 20 151.24409448818898
17 9 290.5258620689655
17 14 242.05291005291005
17 3 208.3278084714549
17 18 234.5064935064935
17 1 153.8
17 2 111.12574850299401
17 23 226.94833948339485
17 10 168.6228287841191
17 4 69.05034013605442
17 12 272.02702702702703
17 19 182.01530612244898
17 7 286.64130434782606
17 15 283.0050505050505
17 5 252.340206185567
17 16 269.7448979591837
17 6 65.54566210045662
17 24 79.1241610738255
17 21 61.65408805031446
17 8 90.4382871536524
17 11 159.5261958997722
17 13 256.88235294117646
4 22 138.9041095890411
4 0 242.6135831381733
4 20 168.95767195767195
4 9 318.2895622895623
4 14 268.29473684210524
4 3 237.73406193078324
4 18 262.4468085106383
4 1 172.9142857142857
4 2 141.54990583804144
4 23 255.41538461538462
4 10 184.06560636182903
4 17 66.86595174262735
4 12 279.2372093023256
4 19 210.0108695652174
4 7 314.3530961791831
4 15 309.0408163265306
4 5 270.5416666666667
4 16 294.47305389221555
4 6 79.21889763779528
4 24 108.85643564356435
4 21 47.75
4 8 76.51760563380282
4 11 166.4346978557505
4 13 284.3829787234043
12 0 114.45166959578208
12 20 193.89944134078212
12 9 192.05
12 14 122.65461847389558
12 3 197.45010615711251
12 18 175.46
12 1 193.23598820058996
12 2 274.2769230769231
12 23 183.1761006289308
12 10 172.02785515320335
12 17 331.69594594594594
12 4 339.37327188940094
12 19 232.94174757281553
12 7 172.33271719038817
12 15 177.4656862745098
12 5 66.05454545454545
12 16 161.74035087719298
12 6 302.1182795698925
12 24 318.77966101694915
12 21 328.7142857142857
12 8 377.900826446281
12 11 403.03225806451616
12 13 150.05396825396826
19 0 144.45762711864407
19 20 162.48214285714286
19 9 163.20833333333334
19 14 147.79545454545453
19 3 91.96655518394648
19 18 113.53125
19 1 150.4255319148936
19 2 133.10204081632654
19 23 100.31168831168831
19 10 178.2462311557789
19 17 200.28061224489795
19 4 232.83695652173913
19 12 222.69607843137254
19 7 158.81672025723472
19 15 158.15428571428572
19 5 191.32178217821783
19 16 145.6
19 6 200.05448717948718
19 24 173.552
19 21 225.0888888888889
19 8 247.64102564102564
19 11 233.62209302325581
19 13 143.69830508474575
7 0 147.56786102062975
7 20 253.3846153846154
7 9 68.64685908319186
7 14 122.2724832214765
7 3 154.8262987012987
7 18 115.79271070615034
7 1 239.43577981651376
7 2 268.08843537414964
7 23 120.76348547717842
7 10 243.11656441717793
7 17 338.1584699453552
7 4 367.83355176933156
7 12 194.7425925925926
7 19 187.0921052631579
7 5 177.27230046948358
7 16 60.2
7 6 329.90419161676647
7 24 314.6646341463415
7 21 361.0204081632653
7 8 384.4677754677755
7 11 378.54017857142856
7 13 83.99103713188221
15 0 141.97210300429185
15 20 246.0817610062893
15 9 65.53136531365314
15 14 118.13286713286713
15 3 149.8235294117647
15 18 98.01117318435755
15 1 232.6168582375479
15 2 260.02392344497605
15 23 114.05555555555556
15 10 234.35955056179776
15 17 329.5
15 4 358.6918604651163
15 12 187.96314496314497
15 19 181.32954545454547
15 5 173.54884547069273
15 6 320.80526315789473
15 24 308.32183908045977
15 21 352.83193277310926
15 8 369.0810810810811
15 11 372.57251908396944
15 13 74.97619047619048
5 0 88.25718849840256
5 20 170.66315789473686
5 9 168.54517133956386
5 14 99.40236686390533
5 3 171.63787375415282
5 18 147.95698924731184
5 1 174.99193548387098
5 2 246.45054945054946
5 23 154.76451612903224
5 10 152.24516129032259
5 17 304.5
5 4 325.7824427480916
5 12 69.39274924471299
5 19 208.9950980392157
5 7 150.290625
5 15 154.81867145421904
5 16 139.84497816593887
5 6 286.4621212121212
5 24 293.2482269503546
5 21 321.6666666666667
5 8 352.1666666666667
5 11 386.71942446043164
5 13 124.75166297117516
16 0 130.997375328084
16 20 245.65116279069767
16 9 76.25227963525836
16 14 104.4
16 3 137.6950146627566
16 18 103.58064516129032
16 1 219.58715596330276
16 2 257.74074074074076
16 23 110.71351351351352
16 10 228.34065934065933
16 17 325.0618556701031
16 4 350.36470588235295
16 12 177.4020979020979
16 19 176.88
16 7 65.1
16 5 161.29166666666666
16 6 312.6333333333333
16 24 296.24242424242425
16 21 354.58620689655174
16 8 367.15942028985506
16 11 366.5
16 13 66.30656934306569
6 22 104.92592592592592
6 0 200.11153846153846
6 20 123.74887892376681
6 9 280.41346153846155
6 14 223.5482233502538
6 3 198.9933110367893
6 18 232.32258064516128
6 1 134.28478964401293
6 2 108.41697416974169
6 23 218.58962264150944
6 10 143.5253164556962
6 17 63.37844036697248
6 4 82.43167701863354
6 12 245.44086021505376
6 19 177.84345047923324
6 7 274.88023952095807
6 15 268.7142857142857
6 5 231.32824427480915
6 16 254.96666666666667
6 24 94.97587131367293
6 21 65.73024523160763
6 8 118.42087542087542
6 11 187.28051391862954
6 13 243.020979020979
24 0 211.76279069767443
24 20 156.28571428571428
24 9 263.03333333333336
24 14 229.77272727272728
24 3 189.47931034482758
24 18 203.0
24 1 153.04850746268656
24 2 92.46043165467626
24 23 202.4957264957265
24 10 180.6875
24 17 79.81605351170569
24 4 116.25944584382871
24 12 268.78333333333336
24 19 148.352
24 7 258.27272727272725
24 15 250.1860465116279
24 5 249.30714285714285
24 16 241.66666666666666
24 6 95.18617021276596
24 21 110.36734693877551
24 8 123.73089700996678
24 11 135.8929889298893
24 13 235.34545454545454
21 0 235.07971014492753
21 20 162.34074074074073
21 9 314.20754716981133
21 14 259.88461538461536
21 3 233.68584070796462
21 1 170.6324110671937
21 2 139.6769230769231
21 23 257.2280701754386
21 10 176.1
21 17 70.403125
21 4 58.607142857142854
21 12 268.32142857142856
21 19 214.1888888888889
21 7 311.2312925170068
21 15 306.7457627118644
21 5 273.1111111111111
21 16 287.0344827586207
21 6 73.22991689750693
21 24 114.85714285714286
21 8 86.73514851485149
21 11 177.45185185185184
21 13 275.3921568627451
8 22 143.64705882352942
8 0 262.43333333333334
8 20 205.19148936170214
8 9 324.63380281690144
8 14 284.85057471264366
8 3 246.12121212121212
8 18 269.2068965517241
8 1 203.36111111111111
8 2 150.47079037800688
8 23 264.76237623762376
8 10 216.36796536796535
8 17 92.38820638820638
8 4 82.27573964497041
8 12 316.453781512605
8 19 211.24786324786325
8 7 323.11203319502073
8 15 319.89156626506025
8 5 303.9130434782609
8 16 306.6764705882353
8 6 111.56597222222223
8 24 107.19205298013244
8 21 87.00243309002433
8 11 128.4919028340081
8 13 295.3440860215054
11 0 267.0964467005076
11 20 233.7596153846154
11 9 304.40816326530614
11 14 278.82456140350877
11 3 229.5014164305949
11 1 222.04868913857678
11 2 153.2840909090909
11 23 242.34265734265733
11 10 244.68269230769232
11 17 143.45011600928075
11 4 158.26027397260273
11 12 329.4516129032258
11 19 187.4715909090909
11 7 301.6933333333333
11 15 306.8702290076336
11 5 313.65942028985506
11 16 288.7843137254902
11 6 160.93037974683546
11 24 114.52
11 21 157.7380073800738
11 8 125.20874751491054
11 13 284.7214285714286
13 0 111.9355281207133
13 20 217.43636363636364
13 9 86.26914893617021
13 14 91.69689119170984
13 3 126.45145018915511
13 18 88.52727272727273
13 1 208.0299727520436
13 2 240.46783625730995
13 23 96.51554404145078
13 10 206.84552845528455
13 17 309.0240963855422
13 4 337.3
13 12 171.54430379746836
13 19 165.8310810810811
13 7 76.26794871794871
13 15 78.81395348837209
13 5 145.36483516483517
13 16 59.98540145985402
13 6 300.2413793103448
13 24 288.81481481481484
13 21 324.5098039215686
13 8 348.1675675675676
13 11 357.80882352941177
